image: corredor2.pgm
resolution: 0.100000
origin: [-32.4, -31.8, 0.000000]
negate: 0
occupied_thresh: 0.65
free_thresh: 0.196

