image: sala.pgm
resolution: 0.050000
origin: [-4.4000000, -1.850000, 0.000000]
negate: 0
occupied_thresh: 0.65
free_thresh: 0.196

